T = 0.520457 [s]
T = 4.206399 [s]
T = 33.412629 [s]
