T = 0.264262 [s]
T = 2.099338 [s]
T = 16.734156 [s]
