T = 0.144856 [s]
T = 1.142956 [s]
T = 9.271024 [s]
